$ANSIBLE_VAULT;1.1;AES256
66386666653332356664363632653035363632336562363432336237386561313164653265623032
6239346663363534653534363036383765363638386135370a303737383235376337316461316235
39356233386161346333396630313531356432323665333735303163356139366435336439613663
3837346365313564300a653736363339643365643865653832316131613331666234613064323563
66653966353864363963326532343636386135363933323131653839653533333562653564373731
36343032366439343237393032333736653338303930633631333334616636306338333938313164
62346439623661383363653965396432663638396634306534343636386233366538633366316164
30613833623165333637633037343134653163383563313137666631313733313764396336373330
66303434633833376538363638323265393334303232373537323937616664393163316331356337
66363766623762613235393630656134613830666364383036643666613637646663393833303639
32313737653730303935313862396662326233623132303033656463316561316438323837313333
39316438383162633032346237653834636133306637623432653265343566633434313764306431
38623536646532316135306634316565666139383664623430656136633138313065346232623761
37376433366632333130616137333462363233663566343262326463316162333363326133656436
62376634313333353434343832363163336537323538376130373464613162656538653263396237
39363431656532613735383930363631396134623633363036656531646137636363356539346535
32366636326530646531373730343530343136343662643035633036363730323736656539363931
33613962633736306636356365663038386531623764326136626433396634666232366632373431
36353163346264373263313138316333303665353935336436636532326237663164336663376331
34633464373362666537396533303262333562313262333066643866333561333565363937376464
65363535653731663231336231653230326130653135343239386434346639643764663536316434
64653464666534646238623366383037646635363136356536386130373464633332336335656130
30613534356262313431303938613864383766656638653361393937613234663265363339333836
32336566613432623431653166373761376165643966316533626237316431643838366332353937
30306236653234343435643436373165396337363433666266626237663262633631
