$ANSIBLE_VAULT;1.1;AES256
63616165303733323130396165636637633135373930313031383364636638326161316235353465
3538633263396430366436343437643662663565316131310a626537356564666636303930646461
38613334303131373737613834346333623434633431663032356136353962303933336263306434
3735653364323138390a316263643864613863643032343334326330313235383538663137663539
38316535373834613264383762323563626564313438303263643435316265383631326662386133
32303862396634393331633962306430343131303335373063376634626339656263623731656630
33656261663734313130666136333461613832306264353833663635303061623262303064303730
34653233633336333932383936306432376632353562363563656630313366333163316237643635
32616632663638643238313932643832376530326139363934643730613337356661616530303230
34616331323465353834626466636230366136363531366564343931316336623532656561376236
39396430613765656234626538393737363461656630623363613864376137373333373263613932
37646634666635363439373763396236633833633732656364333436386362313830646335663839
34616361643638643435383931616463633334303739373166666130346230653435666335633363
66393263343135343133316136396564353036346238333331613739393633323332326635663430
30616139666564393532373036316432303861633230366634363439323733343832333964383063
33613165376563626637656361633039393034353130363236656466306465373839653465333330
65336464653866633931623166633134356362383466633265393435323963316539646562613666
66376130666236636639356132633035646338303861643863613335613532356430326530366661
36386362383539613663653931313733343433356561353438613165323236323063613866336537
63646565366131393538316532613661376164346132313239386137656435313034363265623836
30373933313764616437386239346263643137633261633736653433356363393139376337333536
62396464663565346630363764626135353164333737353338383739653634346634373332646433
36396436656630346533383337393336353364396661393931663131663464393232306133646531
63313033366333646362643263656338366635613562336433613963336337373130376237656132
39666561383739376666373231626165363739376430333138316263376366613430656565306634
6363623263633230306239613430363130356462633630316466
