$ANSIBLE_VAULT;1.1;AES256
36366666326464653231303466666538643333356565623630363565336165636262613363396336
6261343562383837323263303336316263646537323736310a646637613263346561376231613835
62623366623363626134353539646565316537653537646339326438653430646661333939353535
6530313865636362380a653430313234613734356263333866333835316337306134666330653462
35663964386130313736363633373662373533343630363063653939363737373065353963653964
34613536303364626533613431353636653337303562366636376233376465613664623135393965
33616537663436613433626133373535393365616333396334636662363338663432666562316535
31613465653463666562363563303564616163336232653935626661613433646632623262393863
30373663663232313939346635666662323735616234353135663230353032393135626461383938
36656632663262353763306333656136386537303133303735653537303036323661653162626439
62636433313733653164636366316637353532616333636565623266613762363061333632343238
36376333336133363839663661633863616430336239346531313165643033366131393938663364
35666232373033346437656238663434373063306131323362393432323334393737373761333061
34353830653561376137633933333435353261623935623666333366393333626230633937396462
30363861623961663331666462313730343134656636643937326563613935373934346232623531
64373761306239386637366332336432306330633238643033326162393630643537346638666535
39336334393436626465336163323731666137393333613065333762666162363365616332346362
65353666386338383332386163356635346533643133363631646539653562616631353436616435
30663138363934376464353364346434333232303465643162656164653933663932353565353865
63306165646339643137623866356339653663313338303738346561356163623235626466663237
65363962383338626363626131643330386435323133333263383165666439333139306335393935
34376538623937376562613163616365643434623332376130363366316234663232613237616364
61613961663263656632356233323066623235356137316330616165623331363437383165366165
33646135396137656136646266303631396462626539336663666161623365616538326662303766
38396438336137636233626237343638373830363233366665623262653137623433623431376137
39383562363462386265623733346235376131316433336436333634326230363737613365633335
33623631653330623262663964376365643566393539663738373564333739393461323763383866
37626530346436353164
