$ANSIBLE_VAULT;1.1;AES256
66386566313739346633633932333733336166326466366538613038313938336135336431323939
6134623665366264323962373336366530393332313439350a366663383036646532316361643136
34653964323732376339323966333839636466356437653933336531346665376166343638306437
6431363133333435330a383133356161326265633664376531313536323838326461323133656364
62396666313331336630343862663534653961316437373638393432633937653139623363626334
64393563613463643562623663653738343238646436346462336661616332363262366138373637
34303038303232636338633965393363626266623139356236383535353336656134363932653466
63373431343265363434383433653634336161306430656462643963616233376264656631636132
66386237663437346636643934386336666662346361356632303238343537643562353366333038
62343661626239663762663939336539313839393537383434653261333932303633653065373330
33386137323763343862333231623466663262303830643632393838653432333834613638303761
31633831366539343731383034316364316362633734663232316439356433663538316435616461
64356130333339633336396533363363306663653236353666373662363632643561383939376561
36613835383135303933646437623565373064393335376237663035323030363939323662636232
30383837656164643736386363666536653932636335313738363264363131653534386338636438
33353836653430356561636436366334373533316339323336323631353063643938366238333334
35363231333132663534336534333639363837633262306336316538663136313934373936373035
66663235646231373730313338373765663666313166393036613363633039343034623662323135
31363438623831323133343364316131373231613365633265623633313638303938613033373362
61383231643837393834653062353466376536326637633063373530373763313531653937323733
65306663303066633263313464313437343636316134633366616465393162623435666461336361
34393165636463313839333038333963396563313032393764346136306533323238313537393139
65313835636165636362653565306336613361353538343030313965626137353636373463623034
62656638363032326133316534666163623333303939316665373437653530306335393230353664
35333832613632626665613961646539393230633565643733643435383734373966316532646164
61356162626662316634353934353531306632313834636364373932373530666335363561356335
66616163623738356135653439626232383839383335376564356130616136346665303766363436
31326630616462663163656536356539313434353435626664646262336164316537646233623662
38326235626337383666306132313636316233393236386635353336396438666263386463363962
64623332663432306666656634343763626165663436613236656636343966346363333632373132
36316538386261393433633234623064373334393466656434313132623062646132613939643536
33353839326436306135313962346533353238323138396234636237393363323031623862333164
33336232626664306131336662643565353030323965386261346234393033653539316539616563
65663464323936333564313031656438663366613938363731636664663563663035323131656435
37376233373664383130336534323238376665343764353230616361623934663335653530353136
36343331383236646238613664636631613865613839353037313764386566663732393533656331
37623035656566383165353538636332396230303965323038373830303762643538313030663531
33643063353639343932383562623032343937613162306461373638383431306439323363373434
34373164343038333566373233646536623136333265333733396136303636396530353030376461
34326432363365393036646266333534653136333666393837333031313465396533363733646466
32663664303531613937646632386136663461303335353739383132653465633734303637623336
62336364373962326234376161373938633965363866326538306162666464376237636539373331
64393438353339666639383035623231613936646133613162623439653361653361626138333633
36346565643431363530366166353339343638326131343736646564613530343830613330396536
33656362316633303061316466656231663439326262613462303836386633326231326135623731
33616531663130323038353664656135363636643136623432623638613234633435393235366637
34383765323830356262386132653237393366313433316336396133343765323362353363636337
32393539643935313565333039313432633164383766303337313938323939363933623562396338
31363630363634653430666334663233663163656630373437376265626662643363623665373964
35343961363138393838373662383564396562663262363438356266616163383238643863623463
62326565336362323931616562353937633932623536613535646661643239386339316239643762
33363134366166316661376462663565396233393633343330373237363833633736346337373364
30653037346330333838383534653936306237366132316534383031653766313866316338613264
31353339393933656438326238653766383130396335396637343364366433353534636331656239
30343638373635383463383837623737313431303262646438633561346338366665323365626566
36383730653835626334323133663630313936306331303132363933343361343435653538646235
33666532666137643636383961613962343662663033393161653962376361303063366239326634
34366566656664656263353963663466383032623261346461643364366134366438353531336332
66396636336361323332303435363434373230343830323262613238376131623736633636303865
61333230393139616532373130343234626535363962306532323265393261313932646362366331
63326562653663323666313436643132393835373334666339386361323830626538646265663938
36663731626333373432626366303030666631616634663238373236633933623536346661323161
64376335623633663836663330643337313965303330646539343630626532643066343266343138
38623539353463346665326335613734303438346131376462386232666566366337353232663162
66353463333333653735303437313365303033636236323662663437386534326230343035323863
38643339313438343531653963303161643066386463663531363439313539613135616239633364
30366138313864353137356235646363356131643661316264636563643634316263623330666562
35396437393466316164333833633330303162343934366565623761336337633738306264333638
62326438643461353963616134363261633561326136663163326636623365306333343231616331
33373864643361346564346630333632396437373962653833623165643832613363663161343362
32373432646331303066386231373039303539333238376166326437643661306237626332346336
66663066636161376332353339306135643864633136366265366233353734393262383862336365
33333930303562383337636637653430633833376665333139656366356566333238393262393438
39323134663132356236643730633930666232303733393864313930303733623334363065663139
32376636366130353964663361356463616336306539383538613434376532633431616535353966
35663837666365353431376635333362366231663863363534336134656331653935396337376632
39623661383362656132316261663566643637396432353666643636303831373233646663653937
31376166383063356265333331643131643138373039613936616165633661656662383761336339
66306564393262363238303766356334656566646165313266386563613261313738386262656135
31613837353237623363356337613133363264303161393233653735396137626462656262613133
65323234643362373238643966386130323436343138633736393034323531666339333539626563
62643464383530323763353834383939326135323363653839313731613163613835306431303063
32663831383162356537393861386231373564373637643061653431343238393136633762336262
39623430373834643537376561323932326163326163333261306461623263623832333035366366
30633866643564353532396231363961626562666264323932343033346139363062353566303638
35636132643735633064636663386461623139326536383136633364656139306165613861666632
30346430633435626439636132393839653765333530666365376431306263306531363235626138
63326234323430626239343166626637633964646465626466333030353363343362356161353532
33346261306239633464363531666264396531333164616462633963646534366338316331366566
61633131633933333630663236626362303337383530326362306430656330613332356362653663
30333462653630643737376562663261393637336565626538376365373430326138336535623835
30396539383234383565616464363437663831613864376438353435633765343530656266366136
65613462376136343135356133356630383037656331343034343733613762623939346333626464
61396437316231633735343338616131343032656462393031343562383730363436636663613139
393165666462663735353965363462373964
