$ANSIBLE_VAULT;1.1;AES256
39666266393337353634643538306530623730343739383661323163613365343533383236613430
3238633830336566363063663130363265366630333933620a323636363939383266363764653734
38366461336266613933343632323432663562373832316163303331393430653035323734333965
3432376466633538620a393134336532393465353237643134653532333334306465386663623434
64386131373233646335323632383764313632613330633130623861366262643433386635393637
39613030363731333635333438356338383931353935303235333030383937643932306634643132
62636533323163383464623631623332623437386265666662663865643361666431393931653465
39346166393365653063323762336232303066346235316334316463306134616637353662323361
66653537323964323761323539646635356361623435663831643939353861353136323330393530
35386233396638353964316239363536646437373634343561313331323266393561633637306563
39313532653565396337353234663331633135333339386235633462336439396530633232636663
31623933356663376265666539343039336665646337623434393935643235613339643736313431
30396636343134633464613662666639356264663435373039313764666662363233366533343433
66383038366464383964393962633732656639626664363434353232383262313833313536353139
33326361356237646231643762613831653565323234383335613363373564363537303662326561
34333361303063643637636630393035363738383236366436633361303465393736323636666261
39373763623736333461623332376431383766343565363863313439643261613639666664343532
36386239656633333338616333646530306266313336396435643633393965623563316438376232
36373730666338336563386339636365383438316563613931643964663663376530646162363165
62656132636237336464323463333732626232653933663065643963613039396235366134386434
65303233343533363234383437666166383033353138313635623664336661613039656636326639
37396633616631623336363763623235613932356365666533663938343362326534393139343763
64343635373134323930353366366637633638623539346333633532303030346637326538373463
33383665356634323438306330383030306632653433623638363966343730366635643035316530
33386538666364393639626464663762656530313663306635623262376137666234643638326261
35663235653233616437303231356261376339396437643766313665653536373862306237343664
32393932623139663863396365626137636166383165653438623536663037616663616335363764
66363138306563333062363363376538656263333061373365643962356261306266373038393238
61633034353736373333383364633661326164343738316432313365313063373439623365646231
65323031316430303766336338646563656532663637616662663933663136646434623265343232
63393330366536653632613166373861623935323839653537633139666363346436646338643830
66373863373665636266393933643636343838633936313032396564666662636563623133343763
38616165353634633235616435373361303732346537616362626464303765653235653132613236
35656439323239383531633937646163326534323836373334333139623038646530663230633565
63356439663732326234316239663762616137343761623931663265346362623465656432306238
64653036393134373435346538376437316531303339626139336664633563306461393865353537
64636136373961356633613831363033383661633465363735393132643231313531613566343732
66383765656331303638363465366562383765393164313036656434616538313035336236336435
66646630636331386438626534313435376462633536656636346130333634626439653965653466
31383765323232366566303034626537356338623633613331363661666339326562383561623338
39653038353136616262303136373539663937323635633064623735393266626335326632343930
65373031323263316566653132613133363831323031366464633937613130653062636365666339
37306238396463653861633265633036656131363130333963356538633033393361323536613337
31656330333536303066316464363132363535356136363331386333303563363730356339366561
62343334393931366163336665326630366362616662336233363639373864383036666330373033
31353064393864613035633233356330316662373138306566306337613338616665636265306238
37623035623131326638623037343130383637303164336562333561343661613037626136623563
62623663653966623939616231616466633762393731336663666233336462333435303737613636
38323063633532626466386132653861366234356266343266333264643932383463353735323266
37313631343264646336663235353736653635663934383066383138353765616361663363326130
65386238643064383930313636386435323437363535363137653034343636633231356439626463
31616432343164636166653933316238623833326531393036346238363039393839653531336461
33353336303864323862353334343464636238373938313663333364336437363964373764636136
33386639643065386233663636626137666134366262396234313664313466646232653936363266
38306264386136636161306537633434323038663164326339356134646165616539333536663864
65323066343966303638393964393131306264666238613431396338656639326638666562353036
65336637316463383063666337313731333133643566653361363738663836336536326364616261
33623363323631623633363436326662383262363539626536363234633461333735306161303631
34303631623861316566326433376235323936326466363966366630623761376161313063386137
65666462346536303830313761633564653033613662613836306233363164323839313531666638
38303961316165613663373538303661393438373634663231396263626236373131646663656338
62356266326365636333333065393965393437356433373339356438303238656236356635373763
66323435343635386263643535363964656136636665326666336261613763616631373937316632
36383764646237303562633065336133626139633931323264636364346438363530653062366137
35626235386165666362336265383065396130636631383738333261623932306230366539643466
37326535323239383937376639656166396166626438653631623466333664303635316237366537
33336666346462653635623336353938356530633562373731653836656163383164393663666563
34333137623438353234646236346261616465653838316530303166383233626139616364636237
31303133346161653164336630346563303266653536663131393039343331393066386633356131
37343132303061343335323330616433323830353164623534613531303236373230653766393534
37333965653038343935353239623963333839656236306334376337626630643634626233623861
64343935396137623831353864363535353961643133313463373137613235643934626365616533
62363332373866613138343632303433396132626432656136646232633330623132613961393334
33623839633461353136303563333332346261336139316561346335383337303264643333633362
31373265633130383133663031393262336462313236653966393836656136616464666636623764
38616566303339613532333330313534663435326531343637623334666535363339336132363138
39306537393639616566613465343736353163656564333937323065633538636435636563666234
66386330626536646637343336386135383463366361646266313366636139636338393130326337
37633665333361383136663635386163613438643863386335393236316366313834303965383837
35313738313638323266383434396564613639376261336561336132353730376136633166623463
39663264303865383033366362393561646230303466613163366239616232396639366239636434
61343361646439623162663163333231306561333635323633643630343665666663333265353836
38633665656363626562343865393839356330353533653236393836323361376661616565343532
35646632663061363132643930323561373535343837653062636433323034643433393061393235
66353332396131643166666538373336623032313431613633633662666530653934393636386533
35353366336565326631623765383738663837373330646130333863393063616639623861653865
32353634386138343164326462626134363632613731656231323036653035613038623664663630
37386331326564363663633133326430313537653233383065383163366266366439643236323436
65376261646564353462313634643365333761356465626430303530653734366534373732646436
30633430306633653338396338363662303230626338653864353838616330616336316534333636
33626634376539316131653064333335663063616331383737353239376531623364316662626161
30366666633362383036666561353865316363353135386430333230613530613430336262613932
39353437643233313130373837396434303638323164653762613163346135646665336330373739
37356466393239623733346333393265663561343139616533366466386331323731303731393961
343135633064366366313130646164626530
