$ANSIBLE_VAULT;1.1;AES256
38333930373538323037623565313338383765366461313234323132373037613366646639383061
3937643964346130373662356635343632613137356365340a616663656338313135303131316563
39353837626437363364353061653331363337376435626536373339343330613234643132653239
3333363435643366630a366138373931393430633330333831356431636161316634356539396532
64613233336164646664326130343462633761386339326132633931663866666130646638336435
37303062343266616534316336636433616361323933396638306466616435653234303362376635
31343966306137313635306661623331626366303638333231626330373737343666306564656337
62633363663332363436303534346663326561396463303739623666643037323562663839306232
38313333386237666262343930303361363161316536356262653365643138353365626337633833
30343134376238313537306566336439666662616363646366666531626661306433353235333739
62363935313434616163666666663461383034313838636133323639343436386231343739663831
63396265373333623763663133346130323839356530346639353732613963383764303933343835
62643136326539333333336234363364363037333237656265376135323865386332643030393432
34313435363537623330353333653263373361346233313562383466653932346464353733646634
38323461633430346432323266643935623932646436303064373537393466363734333933323863
66653531356562333131336534393037313936336336343437323464373036353765373237343039
30366630653931633339323232373935626365323665623938393033666538336430306330323865
62333437363430333636363835303961633534333163633530643662393637333765353436316237
66633032346136616236653530303036346231393530323534646439613935326635346464336531
62323764386431393862386431626164313736623031313262333834313639356661363938646539
36393965656632363566363164633963323930643033663535353033353832656131333237616330
36366262623061333531343131333362376133336337663533623035313835623436303939393837
61613066663734316465343032626633653934316436306563353563383537396330623937383861
62376530303331303937
